1536044078.0621336	800.0	3.999999	4.907	264320	4794	0
1536044080.5755353	400.0	5.5537399999999995	0.0	197337	2239	0
1536044082.2329566	400.0	7.896981000000001	0.0	194080	1546	0
1536044083.8010504	400.0	10.327946	0.0	208695	1462	0
1536044085.543465	400.0	12.587356	0.0	223604	1637	0
1536044087.0675688	400.0	15.061245999999999	0.0	208276	1423	0
1536044089.4635963	400.0	16.664895	0.0	193772	2280	0
1536044090.971067	400.0	19.1575	0.0	194165	1402	0
1536044092.5116935	400.0	21.617177	0.0	193579	1438	0
1536044099.5900772	dnndownload	14.537043000000004	0.0	675718	7068	dnndownload	0
1536044103.2074301	400.0	14.921291000000004	0.0	203308	3385	0
1536044105.3249216	400.0	16.803941000000002	0.0	226132	2016	0
1536044107.5683665	400.0	18.560542	0.0	251463	2141	0
1536044110.7217846	400.0	19.406856000000005	0.0	200218	3042	0
1536044114.6582484	400.0	19.470003000000005	0.0	231355	3827	0
1536044117.0440269	400.0	21.085	0.0	193879	2284	0
1536044118.6636183	400.0	23.464618	0.0	167685	1515	0
1536044123.2576287	dnndownload	18.869487	0.0	432267	4586	dnndownload	0
1536044125.1321378	400.0	20.996511000000005	0.0	174210	1765	0
1536044127.1795292	400.0	22.949569000000004	0.0	236524	1941	0
1536044129.9281256	dnndownload	20.198854000000004	0.0	432267	2740	dnndownload	0
1536044137.0391688	dnndownload	13.087841000000004	0.0	424461	7102	dnndownload	0
1536044140.5983064	400.0	13.531283000000002	0.0	217208	3307	0
1536044142.9059353	400.0	15.222988999999998	0.0	201174	2204	0
1536044144.5391273	400.0	17.589414000000005	0.0	206390	1533	0
1536044146.0478425	400.0	20.08122300000001	0.0	197511	1409	0
1536044149.2502065	dnndownload	16.878139000000004	0.0	424461	3193	dnndownload	1
1536044153.0938041	800.0	17.034664000000006	0.0	411421	3725	1
1536044156.4974065	800.0	17.631704	0.0	406512	3302	1
1536044162.1024883	800.0	16.026319	0.0	477529	5503	1
1536044167.8131676	800.0	14.316125999999997	0.0	474838	5494	1
1536044174.2313702	800.0	11.898457000000008	0.0	450686	6305	1
1536044177.3236363	400.0	12.804915000000008	0.0	204594	2866	1
1536044179.640632	400.0	14.488140999999999	0.0	214419	2217	1
1536044181.547611	400.0	16.582529000000008	0.0	209086	1800	1
1536044186.4562464	800.0	15.672802000000004	0.0	437879	4806	1
1536044190.1574574	800.0	15.971534000000005	0.0	468537	3600	1
1536044194.2819433	800.0	15.846865000000008	0.0	425757	4018	1
1536044200.352973	800.0	13.775791999999996	0.0	335394	5961	1
1536044204.3240595	800.0	13.805028000000007	0.0	305141	3741	1
1536044206.801746	800.0	15.327077000000003	0.0	305705	2367	1
1536044210.0746253	800.0	16.053427	0.0	437168	3168	1
1536044214.2053263	800.0	15.923675000000003	0.0	434407	4028	1
1536044217.1388078	800.0	16.989660000000015	0.0	375187	2834	1
1536044220.2662575	800.0	17.862071000000014	0.0	343690	3020	1
1536044225.100676	800.0	17.028257999999994	0.0	345852	4727	1
1536044229.802495	800.0	16.326729	0.0	413835	4592	1
1536044234.348042	800.0	15.780956000000003	0.0	370985	4446	1
1536044239.7803476	800.0	14.371700000000004	0.0	326959	5301	1
1536044243.3215244	800.0	14.807254	0.0	364681	3328	1
1536044247.9236002	800.0	14.204928999999993	0.0	414644	4502	1
1536044251.0990937	800.0	15.02950899999999	0.0	348168	3078	1
1536044253.575011	800.0	16.553911	0.0	386958	2370	1
1536044258.9366255	800.0	15.192202000000009	0.0	378638	5253	1
1536044265.3605087	800.0	12.769203000000005	0.0	378361	6212	1
1536044268.0736945	400.0	14.055524999999989	0.0	287740	2608	1
1536044270.2374024	800.0	15.891301999999996	0.0	291602	2056	1
1536044272.6348302	800.0	17.493606	0.0	331724	2302	1
1536044277.0414438	800.0	17.087218000000007	0.0	463230	4309	1
1536044280.798614	800.0	17.330104000000006	0.0	452892	3655	1
1536044286.1218877	800.0	16.006883000000016	0.0	438640	5222	1
1536044291.5058377	800.0	14.622881000000007	0.0	429873	5168	1
1536044295.1119132	800.0	15.01754600000001	0.0	340817	3505	1
1536044301.009823	800.0	13.119437000000005	0.0	341676	5778	1
1536044303.3454065	400.0	14.783152000000001	0.0	197666	2101	1
1536044305.6699467	400.0	16.45987500000001	0.0	256882	2215	1
1536044310.7423043	800.0	15.386458000000005	0.0	449962	4959	1
1536044313.9463527	800.0	16.182406000000015	0.0	404495	3091	1
1536044318.1672635	800.0	15.960937999999999	0.0	453487	4122	1
1536044326.456263	800.0	11.672744999999992	0.0	495603	8176	1
1536044329.106753	400.0	13.021625	0.0	230443	2443	1
1536044330.7987933	400.0	15.32990000000001	0.0	219103	1587	1
1536044332.7921095	400.0	17.336311999999992	0.0	259998	1897	1
1536044337.6681826	800.0	16.460444999999993	0.0	544157	4766	1
1536044341.1136398	800.0	17.015375000000006	0.0	446461	3346	1
1536044344.5319092	800.0	17.597200999999984	0.0	375674	3312	1
1536044349.804838	800.0	16.323612000000026	0.0	365043	5168	1
1536044353.4445817	800.0	16.68477999999999	0.0	310184	3386	1
1536044357.3906078	800.0	16.737837000000013	0.0	366465	3846	1
1536044364.4291875	800.0	13.700084000000004	0.0	442351	6919	1
