1536045241.1433856	800.0	3.999999	4.435	264320	4319	0
1536045243.3577244	400.0	5.858755	0.0	197337	1901	0
1536045244.845942	400.0	8.370804	0.0	194080	1382	0
1536045247.3090467	400.0	9.90675	0.0	208695	2355	0
1536045251.7448177	400.0	9.471217	0.0	223604	4332	0
1536045254.702545	400.0	10.513323999999999	0.0	208276	2851	0
1536045256.8592002	400.0	12.356487	0.0	193772	2037	0
1536045258.6371498	400.0	14.578716	0.0	194165	1674	0
1536045260.6002488	400.0	16.615582000000003	0.0	193579	1859	0
1536045263.0664833	400.0	18.149359000000004	0.0	203308	2370	0
1536045265.2220569	400.0	19.993739	0.0	226132	2056	0
1536045266.9951432	400.0	22.220695000000003	0.0	251463	1669	0
1536045270.4312007	dnndownload	18.785209000000002	0.0	675718	3424	dnndownload	0
1536045274.0792303	dnndownload	15.134552	0.0	432267	3632	dnndownload	0
1536045276.7018998	400.0	16.514173	0.0	200218	2521	0
1536045279.4626036	400.0	17.753388	0.0	231355	2654	0
1536045282.6548455	400.0	18.561145000000003	0.0	193879	3083	0
1536045284.1916142	400.0	21.025221000000002	0.0	167685	1428	0
1536045287.1580431	dnndownload	18.055783000000005	0.0	432267	2958	dnndownload	0
1536045289.439095	dnndownload	15.774827000000002	0.0	424461	2272	dnndownload	0
1536045291.5782533	dnndownload	13.635476000000004	0.0	424461	2129	dnndownload	1
1536045293.0782359	800.0	16.137099	0.0	347368	1398	1
1536045295.9095283	1200.0	17.306133000000003	0.0	693518	2637	1
1536045304.1858492	1200.0	13.031015000000004	0.0	644441	8167	1
1536045307.8164287	800.0	13.399574999999999	0.0	401730	3390	1
1536045314.100117	800.0	11.116777999999996	0.0	408022	6174	1
1536045317.0501215	400.0	12.165756000000002	0.0	197511	2686	1
1536045319.5024104	400.0	13.713091000000006	0.0	196067	2332	1
1536045321.390907	400.0	15.824765	0.0	199759	1780	1
1536045323.7742825	400.0	17.441547999999997	0.0	238923	2278	1
1536045328.6459033	800.0	16.569635000000005	0.0	474838	4759	1
1536045331.2660704	800.0	17.949515000000005	0.0	450686	2517	1
1536045333.4155462	800.0	19.800387999999998	0.0	414375	2043	1
1536045340.0160313	1200.0	17.199657000000002	0.0	664986	6481	1
1536045345.9321043	800.0	15.282887000000002	0.0	426691	5706	1
1536045349.1210043	800.0	16.094093	0.0	437879	3084	1
1536045351.9119685	800.0	17.310016000000005	0.0	468537	2681	1
1536045354.1785853	800.0	19.037065999999996	0.0	425757	2161	1
1536045356.336996	1200.0	20.879102000000003	0.0	518083	2055	1
1536045358.2475657	1200.0	22.968565999999996	0.0	471999	1803	1
1536045362.0596437	1200.0	23.156247000000008	0.0	484142	3712	1
1536045370.4166377	1200.0	18.802206000000012	0.0	664001	8225	1
1536045379.7782972	1200.0	13.43801400000001	0.0	643461	9149	1
1536045384.0553694	800.0	13.160460999999998	0.0	375187	4030	1
1536045387.4556155	800.0	13.759825000000006	0.0	343690	3299	1
1536045391.110732	800.0	14.105038000000008	0.0	345852	3543	1
1536045393.7773292	800.0	15.438521000000009	0.0	413835	2562	1
1536045395.587446	800.0	17.628333999999995	0.0	370985	1711	1
1536045399.066081	1200.0	18.149568000000016	0.0	482514	3372	1
1536045405.1919017	1200.0	16.023849000000013	0.0	521402	6021	1
1536045410.3907905	800.0	14.82520199999999	0.0	414644	4980	1
1536045412.8047404	800.0	16.410798999999997	0.0	348168	2312	1
1536045414.982025	800.0	18.233575000000002	0.0	386958	2070	1
1536045417.7225413	1200.0	19.492973000000006	0.0	548534	2634	1
1536045419.9976754	1200.0	21.217692999999997	0.0	556339	2175	1
1536045426.3267653	1200.0	18.889734000000004	0.0	899592	6222	1
1536045432.6530964	1200.0	16.563238000000013	0.0	463564	6119	1
1536045438.4426672	1200.0	14.773298000000011	0.0	508211	5684	1
1536045445.458194	800.0	11.757912000000005	0.0	463230	6788	1
1536045447.5455635	400.0	13.670875999999993	0.0	224475	1982	1
1536045449.9141362	400.0	15.301682	0.0	231965	2265	1
1536045454.3823886	800.0	14.833033999999998	0.0	429873	4358	1
1536045456.573079	800.0	16.643515000000008	0.0	340817	2086	1
1536045458.2641742	800.0	18.95145199999999	0.0	341676	1589	1
1536045462.7294674	1200.0	18.486493999999993	0.0	614546	4359	1
1536045472.7234986	1200.0	12.492218000000008	0.0	789912	9890	1
1536045475.8867345	800.0	13.329936000000004	0.0	449962	2967	1
1536045478.1337454	800.0	15.08180999999999	0.0	404495	2141	1
1536045480.4570408	800.0	16.75854799999999	0.0	453487	2221	1
1536045483.4565475	1200.0	17.760410000000007	0.0	737735	2880	1
1536045488.0973709	1200.0	17.119159999999994	0.0	690933	4532	1
1536045495.779154	1200.0	13.437162	0.0	572541	7570	1
1536045502.6015553	800.0	10.616832999999986	0.0	526259	6612	1
1536045506.9277968	400.0	10.288254999999992	0.0	274913	4070	1
1536045509.2657635	400.0	11.949814000000003	0.0	223154	2241	1
1536045510.922753	400.0	14.294864000000018	0.0	183971	1548	1
1536045515.0086236	800.0	14.2072	0.0	365043	3982	1
1536045517.8438282	800.0	15.373310000000004	0.0	310184	2733	1
1536045520.0047157	800.0	17.211013999999977	0.0	366465	2056	1
1536045522.2345355	800.0	18.981597000000022	0.0	442351	2126	1
