1536043686.3075736	800.0	3.999999	1.257	264320	1153	0
1536043687.3679094	400.0	7.007861	0.0	197337	807	0
1536043688.4518006	400.0	9.923998000000001	0.0	194080	985	0
1536043691.1292486	400.0	11.246981000000002	0.0	208695	2571	0
1536043695.1040487	400.0	11.271700999999998	0.0	223604	3843	0
1536043700.0334074	400.0	10.342446999999998	0.0	208276	4822	0
1536043704.1329231	400.0	10.242801999999998	0.0	193772	3801	0
1536043707.790308	400.0	10.585334	0.0	194165	3531	0
1536043711.5534623	400.0	10.822218000000003	0.0	193579	3657	0
1536043713.3674212	400.0	13.008168000000001	0.0	203308	1710	0
1536043715.4976697	400.0	14.877926000000002	0.0	226132	2030	0
1536043718.0557673	400.0	16.319919000000002	0.0	251463	2456	0
1536043720.4123216	400.0	17.964148	0.0	200218	2252	0
1536043722.4471211	400.0	19.928615	0.0	231355	1921	0
1536043723.9317815	400.0	22.443836000000005	0.0	193879	1384	0
1536043728.708328	dnndownload	17.665550000000003	0.0	675718	4767	dnndownload	0
1536043734.9319787	dnndownload	11.441708000000006	0.0	432267	6210	dnndownload	0
1536043737.311298	400.0	13.064173000000004	0.0	167685	2149	0
1536043738.8970528	400.0	15.478718	0.0	174210	1480	0
1536043740.8118632	400.0	17.563789	0.0	236524	1811	0
1536043742.2542024	400.0	20.121324	0.0	217208	1344	0
1536043744.9376497	dnndownload	17.436639	0.0	432267	2675	dnndownload	0
1536043747.4315126	dnndownload	14.943028000000005	0.0	424461	2484	dnndownload	0
1536043749.131161	800.0	17.244888000000003	0.0	401730	1593	0
1536043752.482465	dnndownload	13.891211999999996	0.0	424461	3343	dnndownload	1
1536043760.5146186	800.0	9.862075000000004	0.0	408022	7925	1
1536043764.326297	400.0	10.050078999999997	0.0	197511	3563	1
1536043768.3747845	400.0	10.001221999999999	0.0	196067	3939	1
1536043772.807741	400.0	9.567959000000002	0.0	199759	4314	1
1536043774.991669	400.0	11.383854999999997	0.0	238923	2082	1
1536043777.306373	400.0	13.069851	0.0	245316	2212	1
1536043779.5094116	400.0	14.866286000000002	0.0	234998	2104	1
1536043781.752293	400.0	16.623295	0.0	204594	2125	1
1536043783.998213	400.0	18.377291999999997	0.0	214419	2144	1
1536043787.064902	800.0	19.311020999999997	0.0	426691	2964	1
1536043790.2001712	800.0	20.17536700000001	0.0	437879	3032	1
1536043796.5238419	800.0	17.851776	0.0	468537	6215	1
1536043801.3662424	800.0	17.009354000000002	0.0	425757	4597	1
1536043803.7107437	800.0	18.664507	0.0	335394	2244	1
1536043806.1649795	800.0	20.210935000000006	0.0	305141	2355	1
1536043807.8908124	800.0	22.484335	0.0	305705	1628	1
1536043810.927711	1200.0	23.447759000000005	0.0	664001	2844	1
1536043817.4672298	1200.0	20.909216000000015	0.0	643461	6435	1
1536043828.8965104	1200.0	13.479807999999991	0.0	553962	11200	1
1536043835.475563	800.0	10.900281000000007	0.0	343690	6335	1
1536043837.0177438	400.0	13.35826800000001	0.0	171243	1438	1
1536043839.041076	400.0	15.334362999999996	0.0	208195	1914	1
1536043842.54079	800.0	15.834371000000004	0.0	370985	3397	1
1536043846.0645592	800.0	16.31102200000001	0.0	326959	3421	1
1536043848.7282774	800.0	17.64781099999999	0.0	364681	2562	1
1536043851.5331774	800.0	18.841924000000006	0.0	414644	2703	1
1536043857.886104	1200.0	16.489339	0.0	508097	6251	1
1536043862.6363826	800.0	15.738973000000016	0.0	386958	4524	1
1536043865.5120103	800.0	16.86347599999999	0.0	378638	2770	1
1536043868.3140187	800.0	18.062036000000006	0.0	378361	2703	1
1536043871.4091082	800.0	18.966552000000007	0.0	578062	2994	1
1536043873.3927348	1200.0	20.982479000000012	0.0	463564	1879	1
1536043878.7976599	1200.0	19.577837000000017	0.0	508211	5304	1
1536043891.5652838	1200.0	10.811126000000002	0.0	624820	12533	1
1536043898.7274263	800.0	7.649009000000007	0.0	452892	6917	1
1536043900.9624114	400.0	9.413955000000016	0.0	231965	2130	1
1536043902.7194073	400.0	11.656529000000006	0.0	214054	1655	1
1536043906.9819221	800.0	11.393946	0.0	340817	4152	1
1536043908.2744882	400.0	14.10078999999999	0.0	164084	1194	1
1536043911.1201756	800.0	15.254873000000003	0.0	399623	2744	1
1536043914.9858742	800.0	15.389345999999989	0.0	519024	3760	1
1536043921.5633714	800.0	12.813274000000007	0.0	449962	6468	1
1536043924.1158922	400.0	14.260029000000003	0.0	211246	2315	1
1536043926.1923137	400.0	16.18262999999999	0.0	228238	1970	1
1536043927.8443592	400.0	18.531214000000006	0.0	251848	1553	1
1536043930.820741	800.0	19.554834999999997	0.0	465209	2871	1
1536043934.0200732	1200.0	20.35522800000001	0.0	572541	3095	1
1536043940.422264	1200.0	17.952759000000015	0.0	831600	6299	1
1536043956.751296	1200.0	5.624522000000013	0.0	824627	16077	1
1536043960.3270407	400.0	6.05025599999999	0.0	223154	3314	1
1536043962.0088248	400.0	8.367092000000014	0.0	183971	1578	1
1536043963.7077692	400.0	10.667944999999975	0.0	182597	1600	1
1536043964.9248486	400.0	13.450551000000019	0.0	146814	1115	1
1536043969.308564	800.0	13.066903000000025	0.0	366465	4275	1
1536043971.099479	400.0	15.276590999999996	0.0	225768	1689	1
