1536044852.3465629	800.0	3.999999	3.384	264320	3280	0
1536044853.7825072	400.0	6.625874	0.0	197337	1183	0
1536044855.2334783	400.0	9.174213000000002	0.0	194080	1344	0
1536044856.6955235	400.0	11.712159	0.0	208695	1359	0
1536044858.2605338	400.0	14.146797	0.0	223604	1463	0
1536044859.8207967	400.0	16.586429	0.0	208276	1456	0
1536044861.227021	400.0	19.180274999999998	0.0	193772	1302	0
1536044867.2132514	dnndownload	13.192267	0.0	675718	5978	dnndownload	0
1536044869.1988342	400.0	15.208689	0.0	194165	1776	0
1536044871.5928624	400.0	16.814104000000004	0.0	193579	2290	0
1536044874.3229747	400.0	18.084664000000004	0.0	203308	2614	0
1536044876.3826315	400.0	20.025436000000003	0.0	226132	1954	0
1536044878.869548	400.0	21.538098	0.0	251463	2377	0
1536044882.0661652	dnndownload	18.339513000000004	0.0	432267	3188	dnndownload	0
1536044885.1135263	dnndownload	15.292294000000005	0.0	432267	3039	dnndownload	0
1536044886.5669785	400.0	17.840221	0.0	200218	1353	0
1536044889.7406023	dnndownload	14.664849000000004	0.0	424461	3166	dnndownload	0
1536044891.5676868	400.0	16.839971000000006	0.0	231355	1720	0
1536044894.4398572	dnndownload	13.966355	0.0	424461	2863	dnndownload	1
1536044898.2961874	800.0	14.111902	0.0	390746	3745	1
1536044900.8643599	800.0	15.543296000000005	0.0	327681	2464	1
1536044903.4144394	800.0	16.993524	0.0	347368	2447	1
1536044906.174803	800.0	18.23223	0.0	470220	2659	1
1536044909.4318223	800.0	18.975830000000002	0.0	445051	3151	1
1536044914.9948173	800.0	17.412105000000004	0.0	401730	5451	1
1536044917.8176334	800.0	18.589433	0.0	408022	2622	1
1536044920.5247164	800.0	19.882732000000004	0.0	385493	2602	1
1536044923.5500267	800.0	20.85736200000001	0.0	411421	2923	1
1536044928.8170934	1200.0	19.59022300000001	0.0	602083	5065	1
1536044933.4709818	800.0	18.936830999999998	0.0	477529	4441	1
1536044938.7091753	800.0	17.698887	0.0	474838	5123	1
1536044942.99846	800.0	17.40902700000001	0.0	450686	4178	1
1536044945.8835368	800.0	18.524085	0.0	414375	2780	1
1536044948.85047	800.0	19.557237	0.0	424149	2869	1
1536044952.0143538	800.0	20.393055000000004	0.0	426691	3065	1
1536044955.2178624	800.0	21.189689	0.0	437879	3102	1
1536044959.0160356	800.0	21.391441	0.0	468537	3694	1
1536044964.1898003	1200.0	20.217126000000007	0.0	635539	5064	1
1536044967.8771005	1200.0	20.530181999999996	0.0	518083	3488	1
1536044970.4592297	1200.0	21.948881999999998	0.0	471999	2474	1
1536044976.3998878	1200.0	20.007830999999996	0.0	484142	5839	1
1536044981.5735352	1200.0	18.833856999999995	0.0	664001	4927	1
1536044985.9789839	1200.0	18.428731	0.0	643461	4303	1
1536044990.801163	1200.0	17.607089000000002	0.0	553962	4666	1
1536044995.1648638	1200.0	17.242446	0.0	515265	4257	1
1536045001.230497	1200.0	15.177832999999993	0.0	519992	5960	1
1536045005.3303971	800.0	15.077362999999991	0.0	413835	3902	1
1536045007.9853468	800.0	16.422185000000013	0.0	370985	2549	1
1536045010.3296618	800.0	18.07799700000001	0.0	326959	2243	1
1536045012.9628682	800.0	19.444504999999992	0.0	364681	2526	1
1536045016.0408702	800.0	20.366882000000004	0.0	414644	2967	1
1536045019.6367548	1200.0	20.77060399999999	0.0	508097	3484	1
1536045024.420254	1200.0	19.987603000000007	0.0	530029	4680	1
1536045028.5716395	1200.0	19.835729000000015	0.0	548534	4047	1
1536045031.9492998	1200.0	20.457786999999996	0.0	556339	3277	1
1536045040.978456	1200.0	15.429380000000009	0.0	899592	8926	1
1536045042.999328	800.0	17.408175999999997	0.0	291602	1816	1
1536045046.5602808	1200.0	17.84669199999999	0.0	508211	3455	1
1536045050.7210248	1200.0	17.686408999999998	0.0	624820	4050	1
1536045057.060211	1200.0	15.347097999999988	0.0	691668	6235	1
1536045062.7986617	800.0	13.609401999999989	0.0	438640	5534	1
1536045066.6736887	800.0	13.733722999999998	0.0	429873	3774	1
1536045069.6940114	800.0	14.713051000000007	0.0	340817	2911	1
1536045072.0546517	800.0	16.352291000000008	0.0	341676	2263	1
1536045074.8566217	800.0	17.551409000000007	0.0	399623	2700	1
1536045078.6745446	800.0	17.732812999999993	0.0	519024	3707	1
1536045081.8887026	800.0	18.518062000000015	0.0	449962	3118	1
1536045087.2682517	1200.0	17.139194000000003	0.0	619109	5274	1
1536045092.0754886	1200.0	16.33233899999999	0.0	629961	4597	1
1536045095.0428824	800.0	17.364293000000004	0.0	495603	2860	1
1536045101.3865066	1200.0	15.020972	0.0	690933	6235	1
1536045105.4789004	800.0	14.929380000000009	0.0	410982	3844	1
1536045109.1251442	800.0	15.282236000000012	0.0	526259	3546	1
1536045112.9758658	800.0	15.431405999999981	0.0	544157	3749	1
1536045117.0849228	800.0	15.322264000000018	0.0	446461	4008	1
1536045120.1045132	800.0	16.302891999999986	0.0	375674	2922	1
1536045124.5432007	800.0	15.864306999999997	0.0	365043	4330	1
1536045127.72757	800.0	16.67941300000001	0.0	310184	3081	1
1536045131.3101091	800.0	17.09863999999999	0.0	366465	3484	1
1536045134.4693542	800.0	17.93795399999999	0.0	442351	3049	1
