1536044463.2419605	800.0	3.999999	2.451	264320	2344	0
1536044464.8472037	400.0	6.464396	0.0	197337	1349	0
1536044466.2092412	400.0	9.102119000000002	0.0	194080	1258	0
1536044467.9673607	400.0	11.343873	0.0	208695	1652	0
1536044469.7978513	400.0	13.513711999999998	0.0	223604	1730	0
1536044471.662969	400.0	15.648176	0.0	208276	1766	0
1536044473.415081	400.0	17.896003	0.0	193772	1644	0
1536044476.3950057	400.0	18.916196999999997	0.0	194165	2872	0
1536044478.088658	400.0	21.222317000000004	0.0	193579	1583	0
1536044482.5343192	dnndownload	16.775035000000003	0.0	675718	4436	dnndownload	0
1536044483.842726	400.0	19.468035000000004	0.0	203308	1198	0
1536044487.0196655	dnndownload	16.289437000000003	0.0	432267	3170	dnndownload	0
1536044489.062695	400.0	18.250165000000003	0.0	226132	1937	0
1536044490.8160894	400.0	20.494945	0.0	251463	1651	0
1536044493.3475158	dnndownload	17.961600000000004	0.0	432267	2524	dnndownload	0
1536044496.2733135	dnndownload	15.036268	0.0	424461	2917	dnndownload	0
1536044499.0478911	800.0	16.264180000000003	0.0	410334	2661	0
1536044501.9936373	800.0	17.317052000000004	0.0	457035	2844	0
1536044504.9890876	dnndownload	14.320249000000004	0.0	424461	2986	dnndownload	1
1536044507.78104	800.0	15.530501000000001	0.0	390746	2689	1
1536044510.3181553	800.0	16.992971000000004	0.0	327681	2436	1
1536044512.6989794	800.0	18.612371000000003	0.0	347368	2277	1
1536044517.6879888	800.0	17.623464000000006	0.0	470220	4886	1
1536044521.13356	800.0	18.177490000000006	0.0	445051	3215	1
1536044525.237462	800.0	18.073716000000005	0.0	401730	4000	1
1536044528.0430524	800.0	19.267735000000002	0.0	408022	2702	1
1536044531.1901984	800.0	20.121086000000005	0.0	385493	3039	1
1536044534.6406715	800.0	20.670558	0.0	411421	3350	1
1536044539.5560033	800.0	19.7547	0.0	406512	4811	1
1536044542.9153366	800.0	20.395387999999997	0.0	477529	3090	1
1536044545.9781492	800.0	21.332690999999997	0.0	474838	2963	1
1536044551.3242338	1200.0	19.986188999999996	0.0	668592	5147	1
1536044555.2319126	1200.0	20.079065	0.0	627515	3673	1
1536044559.6800208	1200.0	19.631433	0.0	664986	4341	1
1536044563.8453135	1200.0	19.465649	0.0	632712	4055	1
1536044568.3377984	1200.0	18.972921999999997	0.0	640655	4393	1
1536044573.4123597	1200.0	17.898408000000003	0.0	696936	4973	1
1536044579.2932534	1200.0	16.018066000000005	0.0	635539	5680	1
1536044582.0909781	800.0	17.220309	0.0	335394	2685	1
1536044585.315485	800.0	17.995305000000002	0.0	305141	3119	1
1536044587.8120706	800.0	19.49841500000001	0.0	305705	2397	1
1536044590.9315817	800.0	20.379676000000003	0.0	437168	3013	1
1536044596.1636336	1200.0	19.147042	0.0	643461	5129	1
1536044602.2605107	1200.0	17.050700000000006	0.0	553962	5893	1
1536044604.6291664	800.0	18.681945000000013	0.0	343690	2258	1
1536044607.9291646	1200.0	19.382007000000016	0.0	519992	3197	1
1536044612.770023	1200.0	18.54085699999999	0.0	624059	4731	1
1536044616.4002283	1200.0	18.910529999999994	0.0	566861	3531	1
1536044619.5252626	1200.0	19.785393	0.0	482514	3020	1
1536044623.0678353	1200.0	20.24380500000001	0.0	521402	3433	1
1536044627.4378843	1200.0	19.872377	0.0	656321	4267	1
1536044630.992475	1200.0	20.318105000000003	0.0	508097	3449	1
1536044634.952755	1200.0	20.357835999999992	0.0	530029	3852	1
1536044639.3118463	1200.0	19.998640999999992	0.0	548534	4260	1
1536044644.4536016	1200.0	18.867159000000015	0.0	556339	5020	1
1536044649.9600716	800.0	17.350942000000003	0.0	578062	5305	1
1536044653.3034947	1200.0	18.007517000000007	0.0	463564	3239	1
1536044657.492192	1200.0	17.818731000000014	0.0	508211	4089	1
1536044664.091904	1200.0	15.219371999999993	0.0	624820	6491	1
1536044667.1589704	800.0	16.151612	0.0	452892	2865	1
1536044669.9865084	800.0	17.325218000000007	0.0	438640	2728	1
1536044674.7612538	1200.0	16.550172000000003	0.0	615083	4668	1
1536044678.2089698	1200.0	17.101584000000003	0.0	531539	3340	1
1536044681.5691562	1200.0	17.741578000000004	0.0	522632	3255	1
1536044685.763672	1200.0	17.547421000000014	0.0	614546	4084	1
1536044690.9511096	1200.0	16.35980699999999	0.0	789912	5085	1
1536044696.13993	1200.0	15.171074000000004	0.0	704745	4984	1
1536044700.8755608	1200.0	14.435376999999988	0.0	619109	4633	1
1536044705.4591053	800.0	13.851603000000011	0.0	453487	4481	1
1536044710.2958426	800.0	13.015462000000014	0.0	495603	4729	1
1536044713.5553224	800.0	13.755677999999989	0.0	465209	3152	1
1536044716.808646	800.0	14.503782000000001	0.0	410982	3142	1
1536044721.2035587	800.0	14.107409000000018	0.0	526259	4293	1
1536044726.9021177	800.0	12.408664999999985	0.0	544157	5591	1
1536044729.96527	800.0	13.345560999999975	0.0	446461	2862	1
1536044732.3498206	800.0	14.960681000000022	0.0	375674	2279	1
1536044735.1138923	800.0	16.197636999999986	0.0	365043	2666	1
1536044737.767688	800.0	17.54327599999999	0.0	310184	2553	1
1536044740.008505	800.0	19.302448000000027	0.0	366465	2135	1
1536044744.2818549	1200.0	19.030753000000004	0.0	659315	4165	1
